%YAML:1.0
---
K: !!opencv-matrix
   rows: 3
   cols: 3
   dt: d
   data: [ 1.4159096014551556e+03, 0., 6.1093783686016934e+02, 0.,
       1.4164694212079105e+03, 3.2113172686745122e+02, 0., 0., 1. ]
D: !!opencv-matrix
   rows: 1
   cols: 5
   dt: d
   data: [ 5.9014928306193017e-02, -1.8562303855936324e-01,
       3.4794027813764949e-05, 5.5634102739018237e-04,
       2.4557089407115473e+00 ]
