%YAML:1.0
---
K: !!opencv-matrix
   rows: 3
   cols: 3
   dt: d
   data: [ 1.2117719731192783e+03, 0., 6.4569867933163880e+02, 0.,
       1.2132218864815018e+03, 3.0315790346461841e+02, 0., 0., 1. ]
D: !!opencv-matrix
   rows: 1
   cols: 5
   dt: d
   data: [ -4.6874878599433956e-01, 7.8637235803345207e-01,
       -5.0536502302069442e-04, 5.8119887567900750e-04,
       -1.6010067485682662e+00 ]
