%YAML:1.0
---
K: !!opencv-matrix
   rows: 3
   cols: 3
   dt: d
   data: [ 1.2054254220822804e+03, 0., 6.7330983848794142e+02, 0.,
       1.2054587537926946e+03, 3.4257042557877725e+02, 0., 0., 1. ]
D: !!opencv-matrix
   rows: 1
   cols: 5
   dt: d
   data: [ -4.0579303514821868e-01, 2.1496514338793393e-01,
       5.1830677921908667e-04, 1.2914137465804134e-04,
       -1.6468164001861275e-02 ]
